n-reinas | Soluciones distintas | Todas las soluciones | Una solución

    1    |         1            |          1           |       [0]    
    2    |         0            |          0           |       -
    3    |         0            |          0           |       -
    4    |         1            |          2           |       [1,3,0,2]
    5    |         2            |          10          |       [1,3,0,2,4]
    6    |         1            |          4           |       [1,3,5,0,2,4]
    7    |         6            |          40          |       [1,3,5,0,2,4,6]
    8    |         12           |          92          |       [1,3,5,7,0,2,4,6]
    9    |         46           |          352         |       [1,3,5,7,0,2,4,6,8]
    10   |         92           |          724         |       [1,3,5,7,9,0,2,4,6,8]
    15   |         285053       |          2279184     |       [1,3,5,7,9,11,13,0,2,4,6,8,10,12,14]